00638
00391
00069
00633
00916
00826
00641
00229
00263
00534
00596
00827
00074
00404
00297
00406
00222
00029
00817
00316
00855
00944
00560
00794
00108
00283
00079
00829
00379
00337
00084
00881
00786
00313
00671
00806
00336
00481
00410
00202
00311
00092
00372
00332
00107
00602
00312
00235
00457
00946
00696
00422
00567
00393
00620
00803
00632
00334
00381
00206
00669
00651
00486
00123
00358
00095
00185
00645
00261
00412
00616
00500
00409
00040
00666
00200
00851
00813
00065
00869
00748
00716
00427
00924
00942
00434
00080
00474
00933
00728
00792
00466
00156
00835
00943
00116
00889
00592
00324
00441
00011
00119
00494
00801
00619
00867
00398
00249
00059
00272
00688
00057
00247
00687
00264
00448
00490
00296
00629
00601
00314
00860
00169
00588
00906
00750
00008
00387
00772
00162
00002
00603
00470
00921
00344
00804
00426
00529
00025
00370
00858
00396
00197
00262
00168
00023
00454
00554
00612
00897
00747
00776
00808
00771
00821
00233
00031
00807
00385
00643
00746
00729
00205
00912
00043
00071
00377
00738
00783
00098
00389
00907
00635
00784
00557
00306
00189
00818
00148
00364
00423
00088
00280
00507
00124
00130
00368
00571
00844
00220
00856
00018
00880
00877
00353
00343
00260
00055
00653
00134
00577
00690
00408
00584
00294
00182
00714
00374
00240
00697
00744
00234
00066
00504
00759
00900
00158
00270
00073
00879
00753
00027
00450
00540
00940
00739
00295
00273
00586
00732
00030
00652
00726
00060
00788
00120
00451
00225
00919
00044
00585
00595
00004
00267
00127
00397
00646
00689
00886
00778
00876
00591
00675
00378
00640
00042
00572
00950
00568
00363
00335
00655
00836
00816
00871
00793
00575
00495
00937
00610
00033
00910
00555
00026
00388
00366
00266
00277
00480
00201
00547
00581
00734
00699
00194
00094
00663
00902
00223
00740
00287
00938
00365
00390
00301
00508
00017
00489
00305
00743
00384
00901
00157
00047
00760
00479
00502
00770
00399
00682
00674
00768
00648
00511
00888
00183
00487
00359
00755
00931
00822
00899
00805
00345
00599
00564
00207
00259
00375
00037
00537
00928
00085
00003
00318
00865
00173
00258
00482
00288
00611
00076
00342
00438
00419
00630
00625
00509
00839
00918
00820
00512
00167
00253
00673
00291
00795
00483
00383
00945
00175
00909
00140
00705
00064
00251
00498
00930
00443
00777
00191
00623
00445
00934
00499
00654
00415
00735
00096
00015
00111
00357
00349
00505
00917
00683
00872
00926
00005
00440
00715
00686
00847
00192
00583
00013
00724
00179
00878
00436
00226
00617
00007
00048
00711
00925
00552
00695
00597
00150
00566
00302
00578
00469
00360
00670
00459
00392
00051
00006
00468
00010
00684
00143
00467
00145
00325
00188
00712
00238
00356
00789
00019
00594
00761
00187
00038
00350
00460
00758
00951
00151
00022
00138
00903
00219
00319
00949
00893
00236
00462
00407
00516
00166
00330
00039
00631
00362
00717
00895
00449
00464
00553
00576
00736
00178
00725
00520
00093
00713
00766
00898
00455
00679
00308
00672
00875
00122
00180
00691
00549
00254
00874
00105
00341
00237
00278
00239
00172
00290
00058
00347
00848
00573
00476
00103
00456
00563
00274
00282
00257
00104
00203
00052
00658
00809
00348
00859
00339
00657
00722
00144
00660
00444
00523
00317
00246
00403
00527
00887
00141
00757
00136
00846
00927
00701
00831
00303
00215
00155
00298
00589
00890
00091
00081
00694
00948
00551
00242
00128
00121
00208
00604
00627
00245
00117
00833
00146
00513
00255
00433
00703
00518
00842
00171
00132
00320
00012
00692
00109
00608
00607
00914
00582
00014
00214
00228
00009
00331
00463
00637
00061
00849
00126
00923
00112
00053
00199
00170
00606
00496
00437
00749
00035
00693
00558
00493
00830
00354
00811
00100
00548
00477
00913
00882
00497
00947
00244
00077
00211
00698
00078
00024
00565
00045
00299
00763
00542
00224
00186
00838
00840
00525
00243
00102
00752
00307
00491
00212
00598
00538
00742
00915
00562
00721
00250
00028
00600
00309
00510
00461
00190
00785
00852
00737
00252
00346
00609
00046
00587
00647
00618
00733
00209
00528
00176
00075
00517
00767
00115
00941
00797
00891
00524
00484
00862
00745
00920
00428
00779
00621
00414
00327
00614
00400
00401
00416
00413
00883
00217
00198
00857
00773
00355
00153
00667
00351
00137
00114
00056
00160
00371
00659
00475
00678
00656
00086
00550
00163
00142
00756
00894
00193
00531
00685
00135
00780
00471
00420
00796
00453
00361
00535
00781
00329
00791
00727
00514
00662
00268
00432
00152
00125
00800
00896
00326
00083
00787
00661
00113
00774
00700
00634
00863
00435
00164
00275
00775
00062
00539
00546
00559
00485
00204
00892
00147
00284
00276
00087
00034
00613
00544
00068
00718
00227
00411
00676
00248
00526
00300
00293
00181
00664
00799
00884
00067
00139
00184
00850
00782
00828
00159
00615
00232
00765
00593
00020
00841
00639
00706
00216
00161
00861
00269
00265
00622
00834
00310
00536
00939
00624
00823
00723
00285
00478
00764
00751
00492
00421
00218
00376
00579
00590
00430
00458
00213
00367
00036
00545
00338
00519
00452
00802
00439
00853
00642
00418
00530
00472
00864
00289
00442
00815
00704
00323
00021
00866
00424
00708
00762
00681
00304
00885
00292
00321
00741
00825
00118
00429
00754
00644
00101
00177
00506
00001
00070
00798
00328
00473
00569
00099
00521
00605
00677
00522
00730
00395
00271
00719
00501
00380
00369
00256
00668
00911
00649
